year,white_median,white_average,hispanic_median,hispanic_average,white_men_median,white_men_average,hispanic_men_median,hispanic_men_average,white_women_median,white_women_average,hispanic_women_median,hispanic_women_average
2022,24.96,34.49,18.93,24.84,27.11,39.1,19.99,26.63,22.47,29.5,17.54,22.6
2021,25.4,34.5,19.14,24.9,27.76,38.78,20.2,26.45,22.76,29.9,17.77,22.9
2020,25.98,34.86,19.21,25.29,28.36,39.08,20.41,27.05,23.05,30.3,17.55,23.03
2019,24.39,32.79,18.19,23.49,27.39,36.84,19.39,25.08,22.01,28.41,17.08,21.5
2018,23.97,32.44,17.53,22.81,26.79,36.55,18.77,24.55,21.75,28.01,16.24,20.6
2017,23.87,31.64,17.79,22.52,26.36,35.3,18.45,24.05,21.48,27.71,15.75,20.54
2016,23.56,31.3,17.15,22.29,26.34,35.12,18.3,23.9,21.14,27.22,15.72,20.18
2015,23.37,30.75,16.5,21.57,25.73,34.57,17.78,22.97,20.77,26.66,14.93,19.74
2014,22.73,29.49,16.04,20.77,24.89,32.89,17.26,21.96,20.12,25.87,14.83,19.17
2013,22.73,29.72,15.72,20.64,25.19,33.42,16.45,21.82,20.24,25.79,15.01,19.05
2012,22.86,29.59,15.73,20.44,25.46,33.34,16.64,21.58,20.28,25.58,14.79,18.95
2011,22.73,29.27,15.76,20.49,25.24,32.73,16.44,21.42,20.34,25.64,15.11,19.18
2010,23.18,29.86,16.18,21.14,26.08,33.69,16.93,22.39,20.32,25.92,14.95,19.38
2009,23.35,29.86,16.52,21.33,26.49,33.96,17.61,22.59,20.56,25.67,15.22,19.55
2008,22.92,29.09,16.41,20.82,26.09,32.87,17.18,22.01,20.34,25.13,15.11,19.09
2007,22.78,29.02,16.38,20.7,25.85,32.78,17.08,21.77,20.33,25.03,14.9,19.13
2006,22.67,28.62,16.07,20.19,25.55,32.24,17.35,21.23,20.23,24.76,14.63,18.64
2005,22.63,28.56,15.7,20.04,25.59,32.18,16.59,21.11,20.04,24.71,14.96,18.43
2004,23.18,28.67,15.68,20.24,26.21,32.52,16.83,21.21,20.14,24.59,15.38,18.81
2003,23.08,28.65,16.03,20.22,26.08,32.42,16.77,21.32,20.07,24.7,15.2,18.6
2002,22.93,28.62,16.23,19.98,26.05,32.41,16.48,21.17,19.82,24.56,14.77,18.27
2001,22.72,28.08,16.12,19.63,25.82,31.86,16.58,20.65,19.72,24,14.85,18.13
2000,22.06,27.47,15.38,19.34,25.56,31.34,16.34,20.46,18.87,23.3,14.17,17.69
1999,21.81,27.06,15.37,19.29,25.39,30.77,16.22,20.59,18.7,23.01,14.11,17.47
1998,21.48,26.42,15.15,18.97,24.79,29.98,16.11,20.1,18.16,22.56,14.15,17.31
1997,20.75,25.59,14.56,18.26,23.81,29.02,15.31,19.27,18.06,21.87,13.35,16.73
1996,20.38,25.07,14.67,18.04,23.36,28.42,14.97,18.93,17.59,21.43,13.42,16.72
1995,20.19,24.97,14.27,18.01,23.16,28.41,15.12,19.01,17.36,21.2,13.4,16.53
1994,19.86,24.99,14.48,18.48,23.43,28.29,15.34,19.34,17.53,21.38,13.65,17.19
1993,20.11,24.52,14.82,18.31,23.79,27.87,15.41,19.18,17.58,20.9,13.92,17.02
1992,20.41,24.38,14.95,18.31,23.64,27.85,15.55,19.22,17.36,20.61,14.1,16.93
1991,20.7,24.37,14.82,18.14,23.73,28.02,15.62,19.13,17.04,20.35,13.71,16.65
1990,20.39,24.27,15.03,18.26,23.96,28.04,15.52,19.49,17.13,20.05,13.63,16.38
1989,20.35,24.23,15.19,18.63,24.09,28.16,16.44,20.04,17.01,19.81,13.8,16.54
1988,20.41,24.85,15.47,18.88,24.1,29.34,16.86,20.49,16.92,19.77,14.08,16.51
1987,20.31,24.62,15.65,19.04,24.72,29.11,17.31,20.61,16.81,19.49,14.12,16.66
1986,20.35,24.42,15.67,19.2,25.36,28.94,17.67,20.93,16.36,19.21,13.8,16.56
1985,19.76,23.83,15.68,18.89,24.79,28.18,17.15,20.63,16.02,18.7,13.64,16.23
1984,19.82,23.49,15.76,18.69,24.17,27.72,17.33,20.7,15.95,18.4,13.58,15.91
1983,19.58,23.35,15.59,18.76,24.41,27.67,17.26,20.69,15.67,18.19,13.76,15.96
1982,19.74,23.31,15.73,18.81,24.6,27.65,17.76,20.71,15.44,18.06,13.94,16.02
1981,19.43,23.08,15.6,18.77,24.6,27.37,17.85,20.78,15.41,17.73,13.55,15.68
1980,19.91,23.19,16.29,19.01,25.08,27.51,18.03,21.05,15.41,17.71,13.64,15.83
1979,19.97,23.66,16.47,19.32,25.51,28.03,18.83,21.56,15.47,17.91,13.53,15.82
1978,20.26,23.46,16.14,18.79,25.08,27.81,18.34,21.01,15.4,17.68,13.74,15.29
1977,20,23.38,16.15,19.21,24.94,27.66,18.61,21.53,15.33,17.57,13.25,15.45
1976,20.06,23.47,16.2,18.98,24.32,27.54,18.56,21.07,15.42,17.79,13.77,15.84
1975,19.96,23.3,16.12,18.36,24.68,27.37,18.43,20.39,15.32,17.45,13.5,15.07
1974,20.04,23.21,16.22,19.04,24.55,27.34,18.6,21.14,15.22,17.23,13.26,15.42
1973,20.53,23.72,16.37,18.71,24.98,27.93,18.67,20.67,15.36,17.57,13.78,15.39
